0.0
64.888999939
63.7509999275
64.2379999161
64.632999897
66.0610001087
64.1029999256
64.8129999638
64.3310000896
64.0050001144
64.6199998856
65.0220000744
64.8410000801
65.6010000706
63.9489998817
64.3359999657
64.7449998856
64.4449999332
64.1970000267
63.8350000381
63.6689999104
65.1459999084
65.3110001087
64.9639999866
66.2130000591
65.3650000095
65.3049998283
66.2790000439
65.7300000191
65.6740000248
65.7409999371
66.4260001183
65.6800000668
66.3580000401
64.9839999676
0.00100016593933
0.0
0.0
0.000999927520752
0.0
0.00500011444092
0.0
0.0
0.0
0.0
0.0160000324249
0.0
0.0
0.0
0.0
0.0220000743866
0.0
0.0
0.000999927520752
0.0
0.0
0.0209999084473
0.0
0.0
0.0
0.00100016593933
0.0139999389648
0.000999927520752
0.0
0.0
0.0
0.0
0.0
0.0
0.0
64.2520000935
63.393999815
63.2929999828
63.2799999714
63.3110001087
62.8900001049
63.1889998913
63.2330000401
63.4030001163
63.5399999619
63.4830000401
63.5620000362
63.2309999466
63.7220001221
63.3899998665
63.2890000343
63.3549997807
63.3960001469
63.378000021
63.382999897
63.3770000935
63.5280001163
63.5290000439
63.0090000629
63.3409998417
63.0700001717
63.1349999905
63.2960000038
63.2000000477
63.3420000076
63.2100000381
